
Array Size = 30
    74    17    85    17    48    80    53    15    43    86
     1     8    23    26     7    22    10    54    95    69
    27     4    27    80    30    51    16    65    99    93


Array Size = 14
  1027  1038  1040  1045  1050  1057  1061  1064  1070  1072
  1073  1074  1081  1098

Array Size = 39
  2024  2001  2080  2075  2079  2014  2049  2021  2060  2010
  2007  2080  2070  2094  2029  2042  2056  2017  2070  2048
  2072  2037  2097  2020  2004  2026  2034  2040  2089  2075
  2091  2096  2095  2003  2098  2079  2041  2008  2060

Array Size = 90
  3000  3001  3002  3002  3002  3003  3005  3006  3006  3009
  3009  3009  3010  3010  3013  3014  3014  3016  3021  3023
  3024  3026  3027  3028  3029  3029  3029  3030  3030  3031
  3032  3032  3033  3033  3034  3035  3035  3036  3044  3046
  3046  3047  3047  3049  3050  3050  3052  3052  3053  3057
  3057  3057  3059  3060  3060  3062  3063  3063  3065  3067
  3069  3069  3070  3070  3072  3072  3075  3075  3077  3077
  3078  3078  3079  3080  3080  3082  3083  3083  3087  3088
  3091  3092  3093  3093  3093  3093  3097  3098  3098  3099


Array Size = 36
  4052  4054  4040  4033  4093  4044  4076  4010  4016  4053
  4049  4014  4070  4073  4048  4081  4077  4096  4093  4003
  4043  4081  4004  4098  4034  4092  4031  4092  4023  4072
  4040  4025  4064  4013  4087  4098

Array Size = 25
  5001  5005  5009  5016  5016  5018  5018  5020  5021  5024
  5026  5028  5037  5040  5049  5058  5067  5073  5074  5080
  5081  5084  5087  5091  5095

Array Size = 71
  6018  6052  6012  6049  6033  6011  6034  6037  6099  6097
  6046  6038  6055  6013  6066  6065  6045  6048  6041  6001
  6062  6022  6066  6031  6054  6005  6097  6095  6022  6062
  6096  6032  6021  6033  6066  6017  6025  6021  6092  6098
  6002  6066  6035  6061  6089  6003  6097  6066  6050  6014
  6052  6040  6033  6065  6092  6005  6023  6032  6093  6053
  6021  6047  6095  6028  6049  6067  6022  6056  6074  6067
  6018

Array Size = 67
  7000  7000  7001  7002  7003  7003  7004  7009  7009  7010
  7010  7012  7013  7013  7013  7016  7019  7020  7027  7028
  7028  7030  7031  7033  7037  7037  7038  7038  7038  7038
  7041  7042  7044  7047  7048  7050  7055  7056  7056  7057
  7058  7058  7059  7060  7061  7061  7062  7064  7065  7067
  7069  7073  7074  7078  7080  7082  7083  7083  7084  7086
  7088  7089  7089  7091  7097  7098  7098

Array Size = 71
  8005  8047  8043  8026  8083  8055  8024  8014  8082  8017
  8035  8010  8043  8050  8009  8039  8046  8013  8050  8068
  8017  8008  8031  8021  8067  8079  8006  8090  8038  8001
  8045  8089  8009  8002  8064  8019  8059  8056  8024  8039
  8053  8030  8026  8010  8072  8088  8026  8061  8011  8022
  8014  8006  8038  8082  8054  8057  8017  8013  8044  8022
  8041  8010  8020  8051  8046  8087  8004  8097  8031  8019
  8049

Array Size = 19
  9000  9000  9005  9005  9013  9014  9020  9020  9036  9044
  9050  9055  9055  9065  9078  9078  9080  9089  9098

Array Size = 42
 10025 10084 10095 10053 10045 10077 10010 10084 10080 10049
 10040 10072 10007 10063 10088 10065 10071 10078 10011 10085
 10048 10051 10070 10027 10042 10092 10022 10020 10094 10023
 10094 10090 10080 10036 10010 10069 10066 10029 10052 10088
 10097 10044

Array Size = 31
 11007 11008 11012 11013 11015 11020 11021 11032 11032 11034
 11038 11046 11046 11057 11060 11060 11060 11070 11075 11080
 11082 11082 11089 11089 11089 11095 11096 11098 11098 11099
 11099

Array Size = 16
 12098 12092 12045 12009 12040 12061 12031 12025 12039 12016
 12027 12064 12091 12040 12096 12056

Array Size = 52
 13000 13005 13006 13007 13008 13008 13008 13016 13019 13020
 13020 13021 13022 13026 13027 13027 13028 13031 13031 13032
 13040 13042 13043 13045 13045 13046 13046 13051 13053 13055
 13058 13068 13068 13071 13073 13075 13076 13080 13082 13083
 13085 13087 13087 13087 13089 13092 13092 13093 13095 13095
 13096 13099

Array Size = 22
 14009 14024 14009 14005 14063 14047 14085 14005 14079 14095
 14055 14099 14020 14020 14079 14005 14070 14024 14019 14053
 14003 14003

Array Size = 31
 15001 15004 15007 15007 15008 15019 15020 15022 15022 15024
 15036 15036 15036 15037 15040 15043 15043 15045 15053 15055
 15065 15070 15079 15081 15084 15086 15086 15092 15094 15097
 15098

Array Size = 90
 16031 16010 16048 16077 16015 16093 16027 16052 16000 16069
 16066 16006 16012 16011 16013 16034 16044 16022 16083 16059
 16010 16061 16017 16002 16060 16090 16063 16080 16057 16031
 16070 16005 16000 16054 16069 16003 16039 16023 16018 16063
 16083 16089 16012 16050 16083 16019 16046 16091 16025 16087
 16034 16035 16090 16032 16066 16020 16018 16098 16086 16023
 16073 16009 16077 16089 16080 16044 16053 16021 16068 16094
 16051 16052 16082 16092 16037 16070 16097 16057 16001 16085
 16057 16064 16022 16076 16004 16009 16054 16039 16092 16007


Array Size = 76
 17002 17004 17005 17007 17009 17011 17012 17013 17015 17016
 17020 17022 17022 17024 17024 17024 17028 17029 17029 17030
 17030 17031 17032 17041 17043 17044 17045 17047 17049 17049
 17050 17050 17050 17051 17053 17053 17053 17054 17055 17059
 17061 17062 17064 17064 17065 17066 17067 17068 17070 17070
 17071 17073 17073 17074 17074 17076 17077 17078 17081 17082
 17083 17084 17084 17086 17088 17089 17091 17092 17093 17093
 17095 17095 17097 17098 17098 17099

Array Size = 29
 18025 18058 18076 18033 18080 18021 18063 18098 18035 18098
 18077 18072 18027 18062 18092 18093 18042 18031 18032 18066
 18013 18043 18015 18057 18031 18030 18050 18092 18093

Array Size = 20
 19004 19010 19013 19021 19027 19027 19031 19048 19051 19066
 19068 19069 19070 19071 19072 19073 19074 19076 19090 19097


Array Size = 60
 20040 20076 20046 20095 20033 20031 20099 20082 20099 20056
 20012 20072 20045 20099 20012 20019 20081 20057 20028 20026
 20068 20028 20049 20096 20086 20039 20022 20001 20047 20066
 20091 20077 20060 20022 20019 20099 20036 20071 20058 20096
 20053 20099 20014 20038 20066 20021 20076 20075 20065 20020
 20082 20071 20081 20018 20042 20038 20073 20021 20023 20091


Array Size = 84
 21000 21000 21001 21002 21003 21004 21004 21004 21005 21006
 21013 21016 21016 21017 21018 21020 21020 21021 21022 21023
 21023 21025 21027 21028 21030 21030 21030 21030 21031 21032
 21033 21034 21037 21037 21039 21039 21040 21042 21048 21048
 21049 21050 21052 21053 21054 21057 21058 21059 21059 21064
 21064 21066 21067 21067 21070 21071 21071 21071 21072 21074
 21074 21075 21078 21079 21082 21082 21082 21083 21083 21084
 21086 21087 21088 21088 21090 21090 21091 21092 21094 21094
 21097 21097 21098 21099

Array Size = 17
 22043 22031 22030 22050 22072 22068 22040 22017 22060 22033
 22028 22065 22084 22056 22006 22080 22007

Array Size = 54
 23001 23002 23007 23008 23012 23015 23021 23022 23026 23032
 23037 23037 23038 23038 23040 23041 23042 23046 23048 23048
 23048 23051 23053 23053 23054 23054 23055 23056 23057 23059
 23061 23064 23065 23067 23067 23071 23071 23071 23072 23075
 23076 23076 23081 23082 23087 23087 23090 23090 23091 23095
 23097 23098 23098 23099

Array Size = 55
 24016 24003 24039 24019 24047 24084 24042 24071 24063 24077
 24066 24037 24043 24020 24097 24088 24059 24025 24012 24056
 24045 24075 24089 24062 24051 24034 24086 24041 24003 24038
 24060 24051 24079 24067 24079 24033 24044 24017 24043 24016
 24017 24060 24066 24041 24023 24072 24071 24064 24099 24093
 24099 24048 24099 24053 24057

Array Size = 99
 25000 25004 25005 25006 25008 25008 25009 25011 25011 25014
 25014 25014 25015 25015 25016 25017 25019 25021 25024 25024
 25025 25025 25027 25027 25028 25029 25029 25031 25032 25032
 25032 25033 25034 25034 25036 25036 25038 25038 25038 25039
 25039 25040 25040 25042 25044 25046 25047 25049 25050 25052
 25053 25054 25054 25055 25055 25055 25057 25059 25060 25062
 25062 25062 25063 25064 25064 25065 25066 25066 25066 25067
 25068 25068 25069 25070 25074 25074 25074 25076 25076 25078
 25080 25080 25081 25082 25083 25083 25083 25085 25086 25087
 25087 25087 25092 25096 25097 25097 25099 25099 25099

Array Size = 33
 26024 26061 26021 26044 26043 26060 26075 26069 26073 26057
 26013 26060 26020 26088 26014 26013 26022 26000 26049 26070
 26071 26086 26055 26090 26066 26038 26057 26086 26095 26041
 26067 26028 26010

Array Size = 83
 27000 27001 27002 27002 27002 27003 27004 27005 27006 27007
 27007 27009 27010 27011 27014 27016 27016 27016 27019 27019
 27019 27022 27022 27023 27023 27023 27023 27024 27024 27026
 27028 27029 27029 27030 27030 27033 27037 27038 27038 27038
 27039 27041 27044 27045 27045 27046 27047 27050 27052 27053
 27054 27055 27056 27056 27059 27060 27061 27064 27064 27064
 27064 27065 27065 27066 27067 27068 27069 27073 27076 27080
 27080 27082 27082 27082 27083 27086 27087 27088 27088 27092
 27097 27098 27098

Array Size = 83
 28077 28026 28030 28078 28094 28006 28052 28004 28078 28071
 28087 28093 28007 28013 28019 28089 28013 28042 28081 28052
 28078 28062 28008 28080 28059 28056 28066 28040 28085 28026
 28064 28031 28053 28026 28062 28067 28029 28014 28056 28086
 28064 28051 28081 28099 28006 28047 28097 28034 28040 28004
 28058 28063 28007 28049 28077 28020 28075 28059 28077 28050
 28067 28093 28089 28066 28032 28027 28057 28003 28070 28013
 28011 28060 28077 28017 28093 28073 28074 28000 28026 28061
 28017 28048 28045

Array Size = 96
 29001 29003 29004 29005 29006 29007 29007 29010 29012 29013
 29014 29015 29016 29016 29016 29016 29016 29019 29019 29021
 29022 29022 29022 29022 29022 29024 29025 29027 29027 29028
 29028 29029 29029 29031 29031 29031 29034 29035 29036 29037
 29038 29038 29039 29041 29041 29041 29043 29043 29051 29051
 29052 29054 29056 29057 29057 29058 29059 29060 29060 29061
 29062 29062 29062 29062 29062 29065 29069 29071 29072 29072
 29076 29077 29082 29082 29082 29082 29082 29082 29083 29084
 29084 29084 29086 29086 29087 29089 29089 29089 29090 29090
 29094 29094 29095 29096 29096 29098

Array Size = 75
 30004 30071 30030 30057 30001 30036 30061 30086 30053 30024
 30065 30004 30056 30075 30011 30078 30087 30015 30007 30052
 30071 30043 30038 30081 30017 30047 30021 30083 30055 30007
 30049 30096 30003 30057 30030 30014 30043 30080 30085 30063
 30024 30002 30033 30001 30089 30067 30048 30005 30022 30067
 30023 30045 30015 30059 30038 30047 30063 30042 30067 30002
 30021 30083 30020 30022 30084 30032 30081 30013 30034 30052
 30005 30007 30058 30085 30042

Array Size = 28
 31006 31009 31010 31010 31013 31018 31019 31026 31033 31040
 31040 31047 31049 31051 31054 31058 31070 31070 31074 31074
 31075 31076 31086 31088 31091 31092 31096 31096

Array Size = 84
 32072 32066 32067 32032 32015 32025 32001 32080 32031 32073
 32092 32079 32006 32063 32035 32026 32054 32051 32083 32085
 32085 32080 32098 32056 32012 32000 32015 32007 32037 32008
 32091 32042 32022 32028 32034 32052 32072 32000 32017 32043
 32021 32044 32052 32016 32027 32005 32057 32055 32016 32049
 32094 32037 32072 32082 32006 32055 32084 32008 32090 32092
 32071 32057 32022 32066 32048 32079 32046 32053 32023 32090
 32037 32026 32020 32099 32077 32061 32028 32014 32037 32005
 32065 32004 32031 32015

Array Size = 48
 33001 33004 33007 33011 33013 33013 33015 33016 33020 33022
 33024 33027 33028 33029 33031 33031 33034 33035 33036 33039
 33044 33046 33050 33051 33052 33056 33056 33056 33057 33057
 33057 33058 33061 33068 33068 33069 33069 33071 33072 33074
 33075 33076 33078 33089 33091 33091 33094 33097

Array Size = 47
 34044 34000 34056 34075 34026 34021 34043 34015 34042 34019
 34090 34050 34021 34002 34062 34021 34024 34035 34081 34066
 34055 34089 34063 34075 34038 34047 34065 34047 34053 34063
 34073 34039 34033 34065 34056 34075 34029 34077 34030 34039
 34054 34031 34086 34021 34076 34047 34039

Array Size = 82
 35001 35001 35003 35003 35004 35006 35007 35008 35012 35012
 35013 35014 35014 35015 35015 35016 35016 35017 35018 35018
 35018 35019 35019 35021 35022 35023 35025 35026 35026 35029
 35030 35031 35033 35035 35036 35037 35037 35038 35039 35040
 35040 35041 35041 35042 35043 35043 35045 35045 35047 35049
 35052 35052 35052 35053 35054 35056 35057 35058 35060 35064
 35065 35066 35067 35070 35071 35072 35073 35075 35078 35078
 35078 35084 35085 35086 35088 35090 35091 35092 35094 35095
 35095 35095

Array Size = 43
 36003 36002 36037 36093 36087 36008 36045 36016 36045 36034
 36054 36046 36069 36086 36049 36043 36080 36014 36026 36078
 36044 36084 36091 36042 36073 36065 36066 36029 36013 36054
 36038 36055 36045 36016 36050 36019 36020 36046 36086 36032
 36056 36099 36016

Array Size = 49
 37005 37005 37006 37006 37007 37011 37015 37020 37020 37020
 37024 37028 37035 37037 37037 37038 37038 37039 37041 37041
 37044 37045 37048 37049 37052 37052 37061 37062 37065 37065
 37066 37068 37072 37073 37074 37076 37079 37080 37083 37088
 37090 37090 37092 37093 37094 37095 37096 37097 37098

Array Size = 93
 38032 38041 38092 38091 38079 38045 38077 38055 38091 38091
 38097 38077 38039 38013 38010 38093 38074 38057 38076 38032
 38095 38065 38012 38011 38004 38098 38073 38013 38018 38074
 38078 38016 38053 38009 38061 38028 38046 38031 38050 38069
 38050 38063 38057 38010 38022 38012 38085 38070 38047 38039
 38066 38066 38019 38016 38090 38074 38065 38063 38050 38087
 38018 38002 38078 38061 38054 38064 38036 38034 38097 38085
 38017 38013 38031 38046 38058 38091 38084 38083 38067 38000
 38061 38024 38094 38039 38091 38079 38086 38060 38087 38089
 38004 38060 38037

Array Size = 78
 39001 39002 39002 39005 39007 39007 39008 39008 39008 39008
 39010 39012 39014 39015 39017 39019 39020 39021 39021 39023
 39024 39026 39028 39029 39031 39033 39036 39036 39037 39038
 39039 39042 39043 39043 39043 39045 39046 39046 39046 39047
 39053 39054 39054 39057 39061 39062 39062 39065 39069 39069
 39070 39070 39071 39075 39076 39077 39078 39079 39079 39081
 39083 39083 39084 39084 39084 39085 39089 39089 39091 39093
 39093 39094 39094 39096 39097 39098 39098 39099

Array Size = 74
 40028 40063 40004 40019 40006 40048 40062 40009 40083 40072
 40059 40032 40075 40090 40092 40094 40039 40067 40078 40025
 40090 40071 40035 40010 40036 40037 40050 40058 40065 40081
 40073 40068 40015 40001 40007 40081 40095 40004 40033 40001
 40074 40081 40043 40021 40029 40006 40079 40058 40099 40056
 40086 40084 40054 40005 40016 40023 40015 40066 40020 40024
 40077 40095 40071 40040 40003 40041 40012 40047 40056 40089
 40051 40038 40063 40019

Array Size = 61
 41001 41002 41003 41005 41005 41007 41008 41008 41010 41010
 41014 41015 41019 41021 41025 41027 41027 41029 41031 41031
 41033 41034 41034 41036 41037 41037 41039 41041 41043 41049
 41049 41051 41052 41053 41057 41059 41061 41061 41063 41065
 41066 41068 41068 41069 41069 41069 41075 41078 41079 41079
 41081 41083 41085 41085 41089 41093 41095 41097 41097 41097
 41098

Array Size = 10
 42089 42069 42037 42037 42008 42055 42008 42039 42069 42018


Array Size = 77
 43000 43001 43002 43004 43004 43005 43005 43006 43006 43008
 43008 43012 43013 43017 43017 43017 43019 43019 43021 43022
 43022 43023 43024 43025 43025 43025 43025 43026 43027 43028
 43029 43030 43034 43035 43036 43037 43040 43041 43042 43042
 43044 43048 43048 43049 43050 43051 43052 43056 43057 43059
 43059 43060 43063 43066 43067 43067 43068 43069 43071 43074
 43074 43075 43076 43079 43079 43080 43080 43082 43083 43083
 43086 43089 43090 43094 43096 43098 43098

Array Size = 42
 44034 44036 44023 44070 44054 44067 44010 44055 44018 44060
 44041 44018 44051 44028 44073 44096 44098 44058 44052 44066
 44033 44074 44004 44079 44040 44075 44008 44097 44029 44094
 44068 44045 44049 44001 44016 44074 44011 44038 44096 44083
 44004 44056

Array Size = 20
 45002 45010 45012 45014 45026 45029 45033 45033 45040 45041
 45043 45046 45053 45057 45062 45078 45081 45083 45091 45094


Array Size = 76
 46005 46064 46080 46085 46035 46024 46041 46038 46046 46069
 46042 46092 46052 46041 46048 46048 46090 46084 46091 46040
 46050 46007 46033 46035 46083 46057 46092 46005 46082 46082
 46038 46013 46084 46040 46078 46038 46046 46085 46042 46061
 46017 46067 46033 46043 46005 46026 46053 46033 46063 46039
 46063 46098 46052 46071 46058 46080 46015 46000 46010 46017
 46008 46016 46046 46017 46051 46061 46023 46029 46009 46078
 46073 46054 46014 46068 46000 46011

Array Size = 57
 47000 47004 47005 47005 47015 47015 47019 47023 47027 47028
 47029 47032 47032 47038 47040 47040 47040 47042 47045 47046
 47048 47048 47048 47049 47049 47050 47050 47050 47050 47053
 47055 47056 47057 47059 47060 47060 47060 47061 47063 47065
 47065 47065 47067 47068 47070 47071 47071 47071 47075 47075
 47075 47078 47085 47090 47093 47094 47095

Array Size = 43
 48093 48011 48047 48024 48051 48022 48040 48078 48021 48073
 48085 48055 48094 48012 48001 48054 48071 48020 48075 48031
 48099 48084 48006 48029 48085 48046 48055 48036 48061 48023
 48006 48076 48097 48035 48004 48014 48030 48074 48045 48030
 48049 48035 48023

Array Size = 87
 49000 49000 49000 49002 49003 49004 49004 49004 49006 49006
 49007 49008 49008 49009 49009 49013 49015 49015 49017 49017
 49021 49021 49022 49022 49025 49027 49029 49029 49032 49033
 49034 49034 49035 49035 49039 49040 49043 49047 49047 49048
 49048 49049 49049 49051 49051 49054 49056 49056 49056 49056
 49056 49056 49058 49058 49059 49061 49062 49065 49066 49066
 49067 49068 49071 49071 49075 49076 49076 49077 49077 49078
 49078 49078 49079 49080 49081 49083 49083 49085 49085 49085
 49092 49095 49095 49096 49097 49097 49098

Array Size = 19
 50070 50015 50014 50042 50082 50026 50035 50075 50010 50069
 50065 50065 50095 50081 50025 50029 50045 50081 50099

Array Size = 33
 51001 51004 51005 51011 51017 51018 51021 51021 51031 51031
 51040 51043 51043 51046 51052 51056 51060 51060 51062 51063
 51071 51078 51080 51081 51083 51088 51088 51088 51091 51092
 51092 51093 51099

Array Size = 78
 52024 52098 52076 52011 52029 52048 52062 52098 52066 52098
 52001 52057 52072 52096 52056 52080 52017 52095 52068 52048
 52069 52025 52018 52013 52055 52078 52077 52010 52056 52052
 52026 52017 52013 52039 52025 52007 52068 52072 52089 52026
 52007 52041 52023 52069 52099 52013 52055 52010 52032 52021
 52053 52012 52057 52091 52074 52027 52072 52057 52016 52093
 52003 52096 52062 52043 52084 52075 52032 52074 52092 52082
 52096 52043 52071 52047 52012 52061 52086 52021

Array Size = 83
 53001 53001 53002 53003 53004 53005 53009 53012 53013 53016
 53016 53017 53018 53018 53019 53023 53024 53024 53028 53028
 53029 53029 53029 53030 53033 53035 53035 53036 53037 53038
 53039 53039 53039 53039 53044 53046 53048 53048 53048 53048
 53053 53054 53054 53055 53059 53063 53064 53064 53066 53066
 53067 53067 53068 53068 53069 53070 53072 53072 53072 53073
 53073 53074 53075 53076 53077 53077 53078 53080 53082 53083
 53086 53086 53087 53088 53090 53091 53092 53093 53094 53095
 53098 53099 53099

Array Size = 56
 54022 54022 54043 54052 54068 54090 54066 54096 54045 54068
 54065 54018 54069 54026 54059 54009 54085 54048 54096 54051
 54052 54005 54092 54003 54091 54088 54069 54013 54083 54029
 54049 54090 54063 54070 54067 54038 54020 54005 54015 54049
 54001 54071 54024 54079 54027 54016 54002 54004 54040 54054
 54091 54085 54043 54097 54090 54087

Array Size = 98
 55000 55000 55000 55004 55005 55007 55008 55011 55011 55012
 55012 55013 55015 55017 55018 55018 55018 55019 55019 55021
 55022 55023 55024 55024 55024 55026 55027 55029 55030 55030
 55034 55035 55036 55036 55036 55040 55040 55041 55042 55042
 55043 55044 55045 55049 55049 55049 55051 55051 55051 55053
 55054 55054 55056 55057 55058 55058 55058 55060 55060 55061
 55063 55066 55067 55069 55069 55069 55070 55071 55071 55071
 55073 55073 55073 55076 55076 55078 55079 55079 55081 55082
 55083 55084 55084 55085 55085 55086 55088 55088 55089 55089
 55089 55090 55090 55093 55094 55095 55098 55099

Array Size = 97
 56005 56068 56019 56045 56065 56028 56099 56001 56037 56095
 56020 56002 56047 56090 56099 56075 56079 56002 56092 56088
 56043 56037 56061 56085 56014 56086 56038 56027 56002 56064
 56062 56097 56024 56073 56038 56052 56029 56032 56020 56065
 56008 56054 56063 56079 56060 56027 56097 56030 56021 56094
 56044 56090 56004 56049 56028 56066 56032 56062 56029 56053
 56049 56074 56022 56092 56032 56076 56036 56044 56018 56026
 56027 56090 56070 56083 56097 56014 56019 56089 56062 56063
 56003 56087 56021 56089 56072 56023 56024 56025 56049 56084
 56066 56012 56016 56071 56009 56054 56042

Array Size = 94
 57002 57002 57002 57003 57004 57004 57004 57004 57005 57006
 57007 57007 57008 57010 57012 57012 57013 57013 57014 57015
 57016 57017 57018 57021 57023 57024 57025 57025 57026 57026
 57027 57028 57029 57030 57033 57033 57035 57036 57037 57039
 57041 57043 57044 57046 57046 57046 57047 57048 57048 57048
 57050 57051 57056 57056 57057 57057 57058 57058 57060 57060
 57061 57062 57062 57067 57070 57070 57070 57072 57073 57075
 57075 57075 57077 57077 57078 57079 57080 57082 57082 57082
 57083 57083 57086 57086 57088 57088 57089 57090 57093 57094
 57096 57096 57097 57098

Array Size = 93
 58050 58020 58038 58028 58040 58082 58056 58019 58091 58097
 58061 58015 58073 58099 58034 58061 58027 58060 58072 58017
 58067 58033 58005 58060 58057 58082 58021 58009 58060 58054
 58055 58009 58019 58047 58087 58073 58013 58046 58074 58057
 58073 58067 58002 58081 58093 58042 58025 58076 58096 58047
 58042 58015 58013 58061 58070 58029 58019 58069 58099 58057
 58077 58015 58004 58050 58084 58044 58098 58042 58020 58024
 58078 58067 58080 58065 58086 58027 58071 58095 58013 58065
 58033 58012 58052 58058 58074 58088 58065 58023 58007 58007
 58008 58094 58054

Array Size = 98
 59000 59000 59000 59000 59001 59005 59006 59006 59007 59007
 59007 59009 59009 59014 59014 59017 59017 59018 59018 59018
 59018 59021 59023 59024 59025 59028 59028 59029 59030 59030
 59030 59031 59031 59032 59032 59033 59034 59035 59036 59036
 59036 59037 59039 59040 59040 59042 59042 59043 59044 59044
 59044 59046 59046 59046 59046 59047 59048 59050 59051 59051
 59054 59055 59058 59058 59058 59058 59062 59063 59063 59063
 59064 59066 59071 59072 59073 59074 59075 59076 59076 59077
 59079 59079 59080 59081 59082 59085 59085 59086 59086 59087
 59087 59090 59090 59091 59092 59094 59096 59097

Array Size = 29
 60015 60042 60076 60053 60045 60023 60006 60070 60058 60027
 60074 60008 60097 60030 60016 60017 60097 60002 60032 60021
 60090 60063 60050 60050 60098 60060 60012 60000 60024

Array Size = 88
 61001 61003 61004 61007 61008 61010 61010 61012 61013 61014
 61014 61015 61016 61016 61018 61020 61023 61026 61030 61030
 61030 61031 61032 61034 61034 61035 61037 61038 61038 61039
 61039 61039 61040 61040 61040 61041 61041 61041 61043 61043
 61043 61048 61050 61051 61051 61056 61056 61056 61057 61058
 61058 61059 61059 61061 61062 61062 61062 61062 61063 61063
 61064 61066 61066 61068 61070 61072 61072 61073 61075 61078
 61082 61084 61084 61085 61085 61086 61087 61089 61091 61092
 61094 61094 61095 61096 61097 61098 61099 61099

Array Size = 18
 62050 62042 62060 62016 62005 62078 62004 62076 62093 62053
 62044 62089 62073 62023 62038 62080 62051 62084

Array Size = 76
 63000 63001 63001 63005 63005 63007 63008 63011 63014 63014
 63014 63015 63016 63019 63020 63021 63021 63023 63023 63024
 63024 63024 63028 63028 63028 63029 63029 63032 63033 63034
 63036 63037 63037 63037 63038 63038 63038 63040 63040 63040
 63041 63042 63043 63043 63044 63046 63052 63055 63055 63057
 63058 63058 63060 63064 63066 63066 63069 63071 63071 63071
 63078 63083 63087 63087 63088 63090 63090 63090 63090 63091
 63091 63092 63094 63095 63095 63098

Array Size = 47
 64003 64050 64005 64041 64010 64038 64076 64048 64068 64035
 64024 64016 64072 64072 64043 64032 64049 64074 64076 64001
 64023 64025 64018 64003 64060 64016 64043 64034 64021 64017
 64099 64071 64029 64034 64032 64075 64025 64030 64003 64024
 64019 64039 64091 64089 64074 64081 64003

Array Size = 75
 65002 65005 65005 65006 65006 65006 65007 65008 65011 65012
 65013 65016 65017 65019 65020 65021 65022 65023 65024 65028
 65034 65035 65036 65038 65039 65040 65041 65041 65044 65044
 65046 65047 65048 65049 65051 65051 65051 65051 65052 65053
 65053 65054 65056 65056 65057 65059 65061 65067 65068 65070
 65071 65072 65073 65073 65073 65074 65076 65079 65079 65080
 65080 65082 65084 65084 65090 65090 65090 65091 65092 65092
 65095 65095 65096 65098 65099

Array Size = 53
 66059 66031 66079 66011 66049 66055 66050 66043 66080 66091
 66022 66083 66086 66013 66002 66083 66009 66043 66072 66034
 66037 66080 66061 66088 66020 66033 66040 66052 66030 66075
 66002 66009 66022 66046 66017 66072 66025 66089 66053 66049
 66062 66053 66014 66051 66018 66025 66011 66018 66029 66080
 66002 66051 66097

Array Size = 62
 67002 67003 67003 67004 67004 67007 67007 67008 67011 67014
 67026 67027 67030 67030 67030 67031 67032 67033 67033 67034
 67036 67037 67039 67041 67042 67044 67046 67048 67048 67049
 67050 67053 67054 67054 67055 67056 67057 67057 67060 67062
 67063 67063 67064 67065 67066 67066 67066 67067 67069 67074
 67074 67075 67076 67079 67082 67082 67086 67090 67090 67092
 67098 67099

Array Size = 40
 68015 68053 68042 68062 68037 68007 68031 68021 68051 68084
 68023 68055 68000 68058 68019 68093 68023 68084 68075 68012
 68074 68010 68087 68004 68036 68085 68028 68068 68075 68022
 68010 68018 68029 68033 68031 68073 68083 68019 68091 68021


Array Size = 97
 69000 69001 69001 69001 69001 69002 69003 69007 69008 69008
 69014 69014 69016 69016 69017 69017 69017 69020 69022 69024
 69025 69025 69025 69027 69027 69028 69030 69030 69031 69031
 69032 69033 69036 69036 69036 69036 69036 69037 69038 69040
 69044 69045 69048 69050 69050 69051 69052 69052 69054 69054
 69057 69058 69059 69060 69061 69062 69065 69066 69066 69067
 69067 69068 69069 69069 69075 69075 69076 69076 69076 69078
 69078 69079 69080 69081 69082 69084 69084 69084 69087 69087
 69089 69090 69090 69091 69092 69093 69094 69094 69094 69094
 69096 69096 69096 69097 69097 69098 69099

Array Size = 64
 70024 70004 70011 70003 70055 70076 70084 70008 70016 70052
 70050 70043 70097 70078 70093 70090 70003 70044 70056 70030
 70078 70053 70090 70044 70070 70059 70085 70044 70000 70021
 70001 70060 70067 70046 70026 70070 70069 70014 70095 70002
 70004 70066 70072 70031 70059 70065 70003 70077 70075 70074
 70068 70026 70050 70013 70082 70065 70073 70070 70059 70052
 70079 70051 70033 70081

Array Size = 28
 71007 71007 71019 71027 71029 71033 71035 71037 71038 71040
 71041 71045 71047 71048 71054 71056 71059 71062 71066 71068
 71072 71075 71076 71078 71078 71081 71097 71099

Array Size = 29
 72086 72063 72071 72064 72066 72081 72038 72010 72050 72097
 72060 72083 72066 72073 72048 72047 72078 72031 72005 72080
 72020 72060 72006 72093 72053 72098 72021 72099 72073

Array Size = 25
 73003 73004 73007 73015 73023 73026 73033 73040 73041 73043
 73049 73050 73060 73060 73061 73061 73061 73064 73067 73073
 73074 73076 73077 73078 73087

Array Size = 85
 74095 74088 74017 74002 74058 74078 74089 74029 74019 74052
 74016 74006 74046 74038 74005 74091 74034 74027 74014 74014
 74050 74001 74029 74053 74006 74017 74064 74050 74095 74049
 74056 74015 74013 74033 74096 74016 74049 74060 74018 74089
 74097 74058 74028 74055 74038 74021 74050 74037 74015 74060
 74067 74092 74039 74058 74015 74000 74064 74023 74097 74003
 74029 74005 74018 74018 74057 74082 74073 74028 74074 74063
 74080 74052 74081 74056 74051 74074 74049 74006 74047 74099
 74051 74053 74082 74080 74049

Array Size = 11
 75003 75010 75017 75023 75035 75037 75046 75066 75068 75069
 75090

Array Size = 38
 76016 76025 76046 76023 76043 76050 76034 76048 76040 76096
 76047 76072 76002 76034 76038 76080 76091 76073 76095 76074
 76041 76084 76024 76003 76040 76001 76059 76006 76092 76049
 76039 76096 76004 76027 76098 76048 76023 76023

Array Size = 86
 77001 77003 77005 77005 77007 77007 77007 77008 77008 77010
 77014 77015 77015 77018 77019 77019 77019 77019 77023 77024
 77024 77024 77026 77027 77028 77028 77029 77029 77030 77031
 77032 77033 77035 77035 77035 77037 77040 77041 77041 77043
 77044 77045 77045 77046 77047 77050 77050 77050 77056 77056
 77057 77058 77059 77059 77062 77062 77062 77064 77064 77070
 77070 77072 77072 77074 77075 77075 77076 77077 77079 77079
 77081 77084 77084 77085 77087 77091 77093 77093 77095 77095
 77095 77097 77097 77097 77099 77099

Array Size = 34
 78037 78089 78077 78055 78094 78015 78069 78014 78024 78048
 78096 78072 78085 78049 78085 78057 78088 78006 78097 78021
 78071 78052 78086 78090 78044 78002 78023 78078 78074 78034
 78035 78054 78059 78066

Array Size = 61
 79000 79002 79002 79002 79004 79008 79010 79011 79013 79016
 79016 79017 79018 79019 79021 79021 79022 79026 79027 79027
 79028 79032 79034 79035 79038 79039 79041 79042 79043 79043
 79044 79050 79052 79053 79053 79053 79056 79056 79058 79058
 79059 79059 79064 79065 79066 79070 79072 79074 79075 79076
 79076 79077 79081 79082 79082 79083 79084 79089 79090 79091
 79093

Array Size = 25
 80089 80092 80050 80056 80063 80087 80078 80008 80062 80010
 80013 80080 80017 80093 80007 80003 80066 80081 80022 80081
 80057 80005 80096 80060 80096

Array Size = 18
 81002 81008 81009 81012 81015 81016 81018 81026 81026 81026
 81033 81049 81072 81073 81078 81082 81084 81091

Array Size = 70
 82087 82013 82062 82033 82085 82071 82075 82038 82072 82031
 82008 82061 82002 82083 82014 82005 82028 82023 82022 82034
 82049 82094 82067 82087 82064 82014 82087 82007 82035 82076
 82039 82073 82015 82097 82066 82024 82072 82027 82061 82052
 82004 82052 82001 82045 82008 82021 82045 82055 82000 82004
 82033 82052 82054 82051 82028 82070 82053 82096 82019 82047
 82092 82046 82031 82042 82050 82006 82053 82038 82049 82042


Array Size = 80
 83000 83001 83001 83002 83003 83003 83004 83005 83005 83008
 83012 83012 83015 83016 83017 83019 83021 83022 83023 83027
 83027 83027 83027 83028 83029 83031 83034 83037 83039 83040
 83043 83043 83044 83044 83047 83051 83051 83052 83053 83054
 83056 83057 83057 83058 83058 83058 83059 83060 83060 83061
 83061 83062 83065 83067 83068 83068 83068 83070 83073 83073
 83075 83077 83078 83078 83079 83080 83081 83083 83083 83085
 83085 83085 83087 83087 83088 83090 83090 83091 83094 83098


Array Size = 59
 84097 84006 84056 84040 84064 84076 84095 84066 84074 84078
 84028 84058 84007 84050 84005 84093 84075 84081 84033 84073
 84018 84053 84098 84046 84015 84050 84050 84099 84065 84013
 84024 84001 84056 84003 84005 84051 84026 84038 84095 84083
 84043 84023 84033 84040 84057 84097 84068 84014 84032 84068
 84069 84010 84062 84046 84037 84072 84061 84090 84070

Array Size = 65
 85000 85000 85002 85003 85003 85004 85005 85006 85007 85008
 85009 85014 85014 85016 85020 85023 85024 85024 85025 85027
 85027 85029 85029 85032 85032 85033 85033 85034 85037 85037
 85040 85041 85042 85043 85044 85050 85052 85052 85055 85056
 85058 85060 85060 85062 85066 85069 85070 85072 85075 85075
 85076 85078 85079 85082 85082 85082 85085 85086 85087 85087
 85091 85094 85097 85098 85099

Array Size = 98
 86030 86061 86080 86012 86089 86051 86024 86068 86043 86084
 86079 86059 86009 86008 86046 86010 86068 86077 86009 86066
 86080 86059 86060 86069 86052 86075 86050 86022 86026 86051
 86018 86004 86042 86095 86041 86021 86016 86088 86097 86065
 86058 86010 86025 86039 86071 86094 86063 86034 86061 86085
 86086 86033 86071 86022 86008 86058 86056 86071 86018 86094
 86091 86092 86023 86083 86015 86005 86096 86055 86090 86089
 86004 86005 86000 86088 86093 86011 86054 86066 86052 86025
 86071 86022 86001 86035 86095 86052 86038 86096 86020 86039
 86033 86083 86075 86067 86017 86094 86074 86029

Array Size = 60
 87002 87003 87005 87009 87011 87015 87015 87017 87017 87017
 87018 87024 87024 87024 87026 87029 87032 87034 87034 87034
 87034 87035 87035 87037 87040 87041 87043 87043 87048 87053
 87056 87057 87058 87058 87060 87060 87064 87065 87065 87065
 87068 87071 87071 87072 87073 87075 87075 87077 87078 87080
 87080 87082 87084 87085 87086 87087 87092 87092 87092 87092


Array Size = 98
 88062 88067 88076 88065 88090 88062 88017 88076 88060 88022
 88038 88081 88082 88094 88096 88016 88005 88048 88081 88062
 88006 88080 88085 88042 88012 88078 88043 88075 88011 88034
 88029 88010 88011 88049 88002 88049 88078 88062 88036 88061
 88046 88075 88070 88055 88043 88014 88095 88014 88094 88020
 88049 88088 88083 88079 88010 88065 88052 88077 88093 88048
 88065 88074 88083 88026 88009 88009 88076 88078 88085 88056
 88004 88009 88025 88000 88074 88043 88066 88089 88065 88045
 88087 88082 88067 88046 88092 88029 88052 88069 88061 88087
 88094 88075 88074 88061 88087 88019 88037 88025

Array Size = 20
 89003 89007 89008 89011 89016 89028 89032 89036 89040 89045
 89050 89054 89066 89068 89073 89075 89083 89089 89097 89099


Array Size = 43
 90083 90018 90075 90047 90003 90040 90011 90087 90078 90077
 90044 90032 90050 90027 90098 90010 90088 90073 90096 90027
 90032 90075 90036 90085 90090 90068 90092 90075 90026 90026
 90044 90078 90031 90071 90015 90081 90024 90024 90049 90073
 90042 90006 90015

Array Size = 94
 91001 91001 91002 91002 91005 91007 91008 91010 91012 91013
 91014 91015 91015 91016 91016 91019 91020 91022 91023 91025
 91026 91026 91026 91031 91032 91032 91033 91034 91034 91036
 91041 91041 91041 91042 91043 91044 91044 91044 91045 91046
 91046 91047 91047 91048 91048 91051 91051 91052 91052 91053
 91054 91054 91055 91057 91057 91058 91060 91061 91062 91062
 91063 91066 91067 91067 91067 91067 91068 91070 91071 91071
 91072 91072 91073 91074 91075 91077 91077 91078 91080 91080
 91082 91083 91083 91083 91089 91091 91092 91093 91094 91094
 91095 91096 91099 91099

Array Size = 35
 92008 92027 92095 92081 92072 92053 92067 92074 92067 92023
 92093 92061 92029 92041 92021 92042 92086 92072 92007 92047
 92085 92033 92028 92061 92031 92092 92095 92039 92054 92043
 92085 92096 92047 92095 92078

Array Size = 29
 93000 93005 93016 93017 93021 93022 93022 93023 93031 93031
 93032 93037 93043 93044 93045 93054 93054 93060 93064 93066
 93070 93072 93074 93076 93077 93080 93084 93086 93097

Array Size = 64
 94016 94076 94033 94051 94012 94039 94030 94045 94081 94075
 94098 94050 94072 94049 94050 94029 94000 94040 94030 94053
 94025 94012 94078 94028 94041 94061 94031 94001 94034 94023
 94020 94021 94047 94061 94008 94002 94010 94070 94044 94061
 94083 94085 94023 94034 94011 94001 94082 94013 94013 94045
 94026 94089 94087 94033 94017 94030 94000 94013 94036 94006
 94041 94029 94037 94063

Array Size = 73
 95002 95004 95006 95009 95009 95010 95011 95012 95012 95014
 95015 95018 95019 95020 95025 95025 95027 95031 95031 95032
 95033 95033 95033 95035 95038 95039 95041 95042 95043 95044
 95046 95047 95047 95048 95048 95048 95050 95052 95054 95055
 95056 95056 95057 95059 95060 95061 95061 95064 95066 95067
 95069 95069 95071 95073 95074 95076 95079 95081 95085 95088
 95089 95091 95091 95092 95092 95094 95094 95095 95095 95095
 95097 95097 95098

Array Size = 71
 96059 96085 96035 96084 96068 96073 96047 96003 96079 96028
 96023 96082 96049 96037 96078 96095 96007 96081 96023 96012
 96053 96067 96040 96078 96069 96051 96057 96022 96035 96046
 96056 96096 96005 96067 96038 96025 96038 96094 96044 96044
 96088 96063 96002 96019 96002 96097 96023 96099 96068 96074
 96021 96020 96092 96032 96072 96077 96079 96039 96008 96051
 96042 96065 96097 96088 96090 96096 96079 96032 96033 96075
 96082

Array Size = 93
 97000 97005 97006 97006 97006 97007 97009 97012 97015 97015
 97017 97018 97018 97019 97020 97021 97021 97022 97022 97025
 97026 97026 97026 97028 97029 97030 97031 97032 97032 97034
 97034 97034 97037 97037 97038 97039 97039 97040 97042 97044
 97046 97046 97049 97050 97051 97051 97051 97052 97052 97052
 97052 97053 97053 97054 97058 97058 97059 97060 97060 97061
 97062 97065 97066 97068 97068 97068 97072 97074 97075 97076
 97080 97080 97081 97085 97087 97087 97088 97088 97089 97090
 97090 97091 97092 97092 97093 97093 97095 97096 97098 97098
 97098 97099 97099

Array Size = 42
 98041 98097 98055 98036 98061 98082 98030 98073 98036 98041
 98001 98062 98051 98022 98010 98099 98053 98003 98075 98019
 98053 98033 98030 98090 98062 98041 98013 98005 98051 98005
 98042 98095 98016 98020 98088 98014 98065 98011 98060 98041
 98055 98029

Array Size = 64
 99000 99002 99006 99007 99007 99008 99009 99012 99013 99014
 99016 99017 99018 99019 99021 99024 99030 99032 99032 99033
 99034 99036 99038 99038 99039 99042 99044 99046 99053 99054
 99055 99056 99057 99059 99060 99061 99062 99063 99063 99064
 99064 99068 99071 99071 99072 99072 99074 99076 99077 99079
 99081 99085 99086 99086 99091 99092 99094 99094 99095 99095
 99097 99097 99098 99098
1 97091 97091 97092
 97092 97093 97099

Array Size = 46
 98074 98003 98026 98088 98071 98091 98029 98090 98052 98012
 98006 98083 98006 98085 98003 98025 98051 98013 98086 98032
 98015 98034 98021 98099 98038 98096 98016 98097 98070 98073
 98065 98004 98086 98097 98062 98097 98055 98059 98089 98080
 98097 98007 98050 98060 98070 98064

Array Size = 12
 99004 99028 99034 99034 99042 99047 99054 99056 99062 99073
 99090 99093
ze = 48
 99000 99005 99005 99005 99006 99010 99011 99011 99013 99013
 99018 99024 99027 99028 99033 99038 99042 99047 99049 99049
 99049 99053 99054 99054 99058 99062 99066 99068 99069 99069
 99073 99073 99076 99076 99077 99077 99079 99081 99082 99086
 99087 99088 99091 99091 99091 99094 99095 99098
9092 99092 99097
99019 99020 99021 99022 99023 99028 99030
 99031 99031 99032 99032 99032 99033 99035 99036 99037 99037
 99038 99038 99039 99039 99042 99044 99044 99044 99047 99048
 99049 99049 99050 99051 99051 99051 99052 99052 99052 99052
 99052 99053 99054 99054 99055 99055 99055 99056 99056 99056
 99057 99058 99059 99059 99060 99061 99064 99064 99066 99067
 99067 99068 99069 99072 99074 99076 99076 99077 99078 99084
 99084 99086 99090 99091 99091 99094 99095 99099 99099 99099

