
Array Size = 50
    95    15    91    25    31    29     0    58    63    55
     8    29    43    17    13    89    59    32    15    21
    29    41    36     8    36    19     8     6    59    60
     9    26    17    15    65    48    81    85    84     0
    10    89     2    36    90    66    61    89    81    40


Array Size = 50
  1017  1063  1027  1041  1039  1037  1003  1083  1013  1018
  1052  1067  1073  1069  1063  1099  1089  1018  1046  1069
  1032  1012  1065  1052  1095  1040  1011  1097  1080  1051
  1036  1097  1072  1054  1048  1069  1091  1089  1014  1086
  1057  1012  1068  1081  1092  1086  1075  1078  1062  1014


Array Size = 50
  2006  2067  2036  2036  2080  2074  2025  2094  2083  2093
  2052  2025  2028  2086  2008  2056  2068  2059  2095  2016
  2034  2039  2004  2010  2039  2019  2002  2089  2048  2086
  2085  2002  2099  2004  2079  2033  2090  2059  2001  2082
  2019  2033  2010  2012  2006  2077  2033  2053  2090  2041


Array Size = 50
  3069  3092  3015  3085  3039  3067  3013  3097  3015  3023
  3037  3061  3094  3002  3060  3001  3071  3095  3032  3056
  3099  3046  3096  3011  3079  3012  3016  3061  3089  3018
  3098  3071  3059  3035  3068  3090  3099  3084  3056  3082
  3098  3086  3044  3022  3083  3052  3032  3002  3097  3015


Array Size = 50
  4078  4045  4062  4080  4089  4043  4008  4019  4024  4000
  4065  4086  4074  4023  4083  4035  4047  4065  4088  4052
  4019  4041  4090  4013  4071  4077  4054  4063  4020  4002
  4039  4080  4078  4020  4054  4047  4021  4053  4049  4012
  4046  4033  4037  4018  4074  4090  4023  4055  4041  4098


Array Size = 50
  5058  5036  5030  5004  5047  5086  5096  5095  5005  5034
  5007  5097  5045  5078  5003  5091  5080  5084  5038  5068
  5080  5010  5049  5050  5071  5094  5087  5069  5003  5059
  5049  5088  5034  5097  5052  5089  5060  5008  5096  5092
  5035  5007  5030  5079  5066  5080  5005  5001  5039  5088


Array Size = 50
  6074  6093  6039  6045  6039  6003  6063  6083  6070  6082
  6045  6075  6042  6039  6024  6035  6036  6091  6093  6026
  6047  6034  6057  6015  6015  6000  6015  6064  6053  6089
  6043  6030  6029  6039  6053  6032  6083  6001  6075  6061
  6062  6094  6004  6059  6066  6078  6064  6012  6045  6016


Array Size = 50
  7082  7080  7060  7096  7093  7041  7001  7043  7048  7092
  7046  7071  7049  7070  7036  7051  7006  7089  7078  7082
  7001  7034  7002  7059  7028  7094  7091  7024  7090  7030
  7003  7062  7073  7059  7070  7029  7070  7015  7074  7062
  7030  7087  7020  7048  7014  7078  7078  7034  7092  7055


Array Size = 50
  8025  8083  8003  8078  8097  8036  8002  8051  8048  8002
  8066  8076  8095  8025  8094  8071  8001  8054  8077  8054
  8094  8070  8010  8060  8053  8021  8009  8037  8077  8073
  8070  8053  8023  8048  8021  8041  8005  8055  8001  8063
  8022  8068  8066  8037  8040  8038  8035  8071  8062  8055


Array Size = 50
  9051  9099  9096  9041  9029  9077  9015  9039  9032  9032
  9096  9073  9010  9078  9086  9039  9013  9021  9042  9008
  9020  9080  9038  9069  9026  9007  9000  9063  9059  9001
  9093  9072  9047  9036  9030  9018  9030  9063  9095  9053
  9014  9006  9076  9030  9045  9015  9098  9027  9006  9026


Array Size = 50
 10075 10065 10062 10037 10007 10040 10045 10052 10052 10001
 10090 10059 10059 10052 10005 10080 10035 10076 10068 10004
 10034 10091 10041 10008 10084 10048 10004 10009 10071 10019
 10062 10045 10035 10029 10076 10011 10066 10043 10072 10098
 10006 10009 10063 10071 10029 10067 10036 10082 10040 10000


Array Size = 50
 11069 11081 11010 11031 11005 11067 11058 11083 11076 11086
 11003 11047 11015 11011 11063 11008 11006 11007 11034 11034
 11074 11029 11001 11049 11011 11029 11018 11028 11065 11003
 11053 11091 11033 11026 11052 11098 11076 11026 11032 11041
 11023 11066 11082 11047 11048 11013 11033 11047 11073 11060


Array Size = 50
 12087 12085 12098 12075 12059 12042 12088 12057 12047 12026
 12089 12057 12026 12037 12038 12062 12019 12033 12046 12041
 12037 12059 12095 12066 12093 12094 12064 12006 12029 12066
 12054 12063 12044 12014 12065 12046 12039 12024 12063 12061
 12024 12007 12077 12014 12038 12053 12074 12054 12020 12085


Array Size = 50
 13061 13081 13018 13067 13025 13027 13068 13090 13042 13077
 13032 13059 13043 13048 13036 13032 13040 13071 13080 13014
 13021 13048 13022 13020 13063 13094 13060 13012 13089 13060
 13028 13085 13057 13038 13030 13059 13039 13008 13005 13001
 13091 13066 13006 13088 13012 13099 13036 13010 13026 13048


Array Size = 50
 14077 14074 14014 14027 14085 14064 14080 14011 14077 14054
 14016 14072 14072 14055 14091 14080 14078 14070 14048 14004
 14064 14029 14061 14082 14029 14099 14062 14078 14074 14051
 14070 14081 14015 14086 14081 14040 14090 14079 14004 14008
 14006 14052 14011 14059 14035 14009 14051 14007 14036 14078


Array Size = 50
 15011 15057 15062 15053 15049 15063 15015 15036 15009 15040
 15075 15012 15042 15079 15072 15000 15016 15066 15023 15015
 15033 15010 15043 15098 15065 15038 15086 15073 15007 15094
 15062 15027 15053 15074 15073 15086 15027 15031 15073 15042
 15021 15006 15045 15019 15043 15050 15003 15070 15013 15095


Array Size = 50
 16074 16005 16048 16069 16006 16025 16060 16096 16019 16059
 16083 16011 16052 16015 16078 16043 16014 16001 16068 16009
 16007 16072 16049 16041 16042 16010 16019 16046 16010 16071
 16067 16076 16084 16061 16028 16052 16054 16018 16010 16047
 16075 16051 16064 16066 16048 16024 16080 16094 16021 16011


Array Size = 50
 17004 17031 17093 17073 17056 17092 17089 17024 17021 17039
 17092 17053 17016 17002 17032 17044 17000 17040 17037 17043
 17001 17039 17076 17040 17059 17013 17099 17052 17010 17052
 17083 17039 17064 17084 17045 17064 17038 17062 17097 17099
 17028 17095 17013 17024 17061 17089 17034 17023 17038 17000


Array Size = 50
 18032 18069 18067 18041 18050 18068 18078 18090 18085 18010
 18033 18039 18071 18088 18008 18098 18042 18024 18004 18022
 18005 18064 18014 18088 18035 18022 18078 18031 18099 18012
 18010 18021 18046 18021 18082 18026 18048 18005 18084 18043
 18033 18098 18090 18058 18000 18009 18073 18024 18051 18023


Array Size = 50
 19005 19005 19033 19068 19040 19015 19083 19001 19031 19078
 19041 19017 19049 19030 19084 19043 19060 19061 19070 19032
 19054 19095 19075 19017 19003 19014 19069 19026 19061 19006
 19045 19023 19079 19080 19084 19027 19020 19060 19068 19099
 19072 19094 19011 19060 19031 19051 19088 19067 19044 19046


Array Size = 50
 20019 20024 20093 20051 20012 20025 20033 20083 20087 20041
 20004 20027 20073 20067 20088 20082 20007 20038 20034 20041
 20028 20025 20094 20017 20021 20014 20044 20052 20022 20003
 20079 20039 20018 20095 20026 20020 20097 20048 20063 20098
 20063 20073 20045 20098 20028 20012 20035 20000 20084 20008


Array Size = 50
 21076 21041 21079 21005 21047 21013 21000 21008 21056 21039
 21092 21016 21055 21056 21044 21069 21028 21083 21099 21016
 21087 21049 21062 21072 21002 21019 21092 21042 21043 21070
 21038 21062 21073 21087 21053 21044 21097 21014 21064 21040
 21085 21032 21081 21070 21076 21042 21068 21064 21003 21067


Array Size = 50
 22075 22081 22062 22051 22034 22019 22075 22093 22091 22041
 22056 22000 22031 22073 22089 22064 22036 22040 22097 22095
 22033 22082 22097 22074 22076 22053 22050 22091 22010 22036
 22055 22023 22029 22025 22061 22077 22041 22047 22069 22060
 22071 22068 22062 22045 22013 22010 22053 22050 22027 22097


Array Size = 50
 23003 23029 23079 23049 23081 23094 23025 23092 23076 23009
 23001 23051 23035 23020 23012 23024 23012 23080 23004 23011
 23066 23004 23085 23014 23052 23007 23005 23029 23044 23090
 23049 23065 23016 23057 23008 23073 23088 23092 23034 23050
 23032 23004 23033 23065 23020 23066 23033 23090 23003 23075


Array Size = 50
 24097 24071 24052 24094 24020 24092 24007 24064 24000 24037
 24012 24046 24019 24084 24045 24061 24016 24010 24075 24074
 24077 24050 24052 24016 24070 24071 24025 24093 24097 24028
 24073 24068 24066 24088 24027 24025 24082 24033 24094 24019
 24066 24071 24068 24050 24009 24031 24009 24093 24046 24037


Array Size = 50
 25069 25006 25073 25073 25022 25018 25081 25030 25042 25000
 25058 25088 25033 25070 25059 25025 25080 25063 25022 25063
 25023 25093 25052 25085 25035 25026 25008 25001 25036 25056
 25084 25092 25043 25098 25089 25018 25077 25097 25079 25011
 25037 25095 25098 25046 25086 25069 25027 25007 25083 25075


Array Size = 50
 26033 26021 26054 26009 26028 26059 26025 26070 26070 26019
 26011 26050 26061 26087 26002 26012 26070 26084 26087 26072
 26060 26088 26067 26039 26077 26073 26077 26072 26060 26005
 26071 26006 26079 26027 26059 26050 26042 26085 26056 26013
 26038 26023 26020 26060 26066 26027 26012 26080 26029 26065


Array Size = 50
 27024 27098 27040 27073 27064 27014 27051 27080 27040 27023
 27083 27069 27056 27007 27083 27064 27058 27059 27076 27040
 27024 27028 27084 27003 27059 27036 27020 27011 27079 27014
 27071 27056 27049 27013 27080 27036 27026 27013 27077 27001
 27039 27048 27071 27080 27017 27032 27098 27076 27060 27028


Array Size = 50
 28009 28070 28072 28057 28013 28005 28073 28049 28010 28033
 28000 28030 28013 28050 28068 28014 28041 28031 28030 28047
 28062 28029 28006 28002 28061 28060 28092 28079 28065 28028
 28054 28006 28085 28015 28037 28097 28011 28031 28036 28025
 28033 28087 28023 28049 28095 28072 28076 28041 28010 28073


Array Size = 50
 29066 29000 29018 29041 29075 29059 29072 29057 29002 29080
 29019 29002 29060 29006 29071 29043 29054 29096 29001 29007
 29078 29029 29007 29045 29076 29023 29022 29087 29051 29063
 29094 29052 29073 29025 29020 29066 29044 29083 29065 29077
 29027 29025 29074 29038 29005 29098 29026 29010 29032 29091


Array Size = 50
 30066 30031 30055 30017 30085 30020 30054 30062 30061 30035
 30065 30032 30004 30010 30008 30040 30005 30044 30095 30072
 30086 30039 30074 30029 30014 30045 30011 30089 30024 30067
 30073 30092 30073 30073 30046 30043 30015 30093 30055 30009
 30053 30043 30080 30018 30051 30001 30017 30061 30012 30084


Array Size = 50
 31039 31092 31062 31043 31040 31007 31036 31054 31042 31029
 31076 31015 31015 31020 31061 31007 31000 31053 31011 31087
 31007 31019 31029 31084 31076 31045 31061 31021 31056 31060
 31057 31061 31016 31077 31063 31047 31099 31003 31057 31081
 31016 31066 31017 31041 31030 31051 31030 31020 31046 31011


Array Size = 50
 32045 32043 32020 32073 32029 32079 32018 32073 32025 32017
 32035 32013 32059 32084 32091 32022 32091 32004 32098 32024
 32087 32030 32033 32087 32082 32084 32032 32053 32092 32089
 32024 32098 32020 32097 32037 32069 32072 32018 32099 32017
 32094 32013 32070 32076 32028 32038 32061 32025 32012 32020


Array Size = 50
 33068 33085 33038 33088 33027 33019 33023 33005 33048 33089
 33024 33080 33012 33037 33076 33076 33058 33061 33085 33036
 33008 33010 33049 33087 33015 33027 33028 33088 33017 33039
 33053 33067 33024 33051 33076 33098 33006 33012 33060 33023
 33017 33060 33054 33032 33045 33092 33081 33098 33033 33083


Array Size = 50
 34027 34075 34037 34050 34069 34064 34071 34079 34048 34019
 34054 34044 34016 34004 34086 34093 34055 34072 34099 34067
 34091 34028 34088 34038 34059 34064 34021 34001 34070 34065
 34031 34088 34050 34037 34089 34080 34024 34043 34060 34031
 34001 34086 34068 34034 34075 34016 34003 34026 34007 34024


Array Size = 50
 35033 35000 35010 35097 35015 35022 35072 35032 35091 35086
 35010 35035 35081 35040 35050 35034 35078 35043 35036 35005
 35047 35051 35008 35095 35030 35084 35089 35005 35027 35093
 35016 35041 35068 35059 35009 35018 35066 35055 35063 35092
 35009 35003 35075 35032 35036 35067 35051 35086 35019 35021


Array Size = 50
 36063 36099 36065 36067 36066 36081 36006 36099 36048 36054
 36012 36060 36019 36044 36072 36003 36024 36069 36026 36095
 36005 36046 36084 36048 36099 36011 36067 36063 36098 36080
 36001 36035 36047 36096 36081 36045 36038 36099 36055 36032
 36071 36008 36058 36005 36049 36076 36042 36017 36000 36072


Array Size = 50
 37097 37049 37017 37076 37054 37022 37070 37054 37031 37034
 37095 37052 37047 37018 37009 37009 37028 37094 37031 37032
 37002 37059 37009 37081 37025 37068 37034 37026 37048 37064
 37039 37057 37084 37053 37018 37007 37094 37030 37035 37070
 37016 37084 37037 37035 37091 37072 37010 37039 37096 37017


Array Size = 50
 38069 38012 38011 38038 38088 38041 38088 38029 38084 38082
 38009 38038 38004 38093 38062 38040 38069 38081 38059 38078
 38081 38023 38067 38030 38007 38060 38067 38010 38045 38048
 38096 38058 38059 38083 38019 38062 38075 38056 38076 38070
 38024 38098 38053 38018 38057 38068 38094 38046 38022 38046


Array Size = 50
 39049 39098 39053 39056 39066 39063 39038 39073 39058 39055
 39054 39047 39064 39083 39061 39025 39043 39044 39036 39014
 39044 39004 39090 39031 39012 39015 39094 39089 39042 39016
 39020 39019 39002 39041 39056 39072 39096 39072 39043 39094
 39066 39014 39050 39023 39063 39058 39067 39004 39068 39047


Array Size = 50
 40011 40054 40012 40064 40025 40076 40025 40087 40022 40018
 40054 40060 40067 40090 40038 40004 40045 40095 40082 40036
 40054 40042 40064 40080 40072 40070 40024 40000 40045 40037
 40075 40058 40006 40086 40017 40079 40038 40050 40061 40009
 40080 40047 40023 40018 40063 40019 40096 40020 40043 40028


Array Size = 50
 41093 41059 41046 41002 41060 41049 41065 41094 41097 41050
 41087 41041 41051 41099 41004 41080 41090 41032 41081 41043
 41024 41016 41015 41087 41089 41049 41055 41092 41001 41082
 41072 41039 41097 41084 41081 41032 41084 41095 41070 41032
 41083 41051 41040 41066 41067 41001 41092 41069 41033 41003


Array Size = 50
 42022 42016 42089 42013 42064 42083 42044 42012 42081 42027
 42077 42042 42008 42027 42049 42055 42057 42083 42049 42099
 42021 42020 42035 42090 42076 42062 42043 42005 42050 42086
 42091 42070 42075 42039 42019 42074 42055 42007 42051 42095
 42053 42014 42050 42027 42043 42087 42041 42045 42009 42008


Array Size = 50
 43047 43058 43043 43025 43021 43011 43022 43061 43080 43027
 43031 43092 43065 43069 43096 43045 43023 43079 43010 43062
 43054 43048 43044 43091 43038 43013 43087 43054 43041 43036
 43057 43011 43039 43022 43017 43042 43021 43041 43097 43041
 43089 43011 43035 43054 43092 43056 43053 43095 43083 43047


Array Size = 50
 44073 44087 44028 44043 44004 44019 44058 44085 44048 44037
 44004 44043 44013 44097 44047 44038 44020 44054 44059 44091
 44084 44049 44059 44034 44093 44098 44051 44089 44072 44049
 44039 44086 44041 44097 44059 44057 44006 44089 44062 44088
 44001 44027 44037 44004 44020 44070 44011 44091 44050 44080


Array Size = 50
 45063 45034 45009 45026 45002 45070 45049 45009 45008 45037
 45017 45081 45092 45090 45098 45007 45034 45042 45009 45000
 45050 45081 45042 45091 45079 45032 45086 45081 45033 45052
 45088 45074 45005 45084 45020 45059 45011 45065 45070 45050
 45055 45029 45090 45068 45024 45043 45083 45017 45061 45022


Array Size = 50
 46045 46078 46055 46015 46091 46009 46010 46043 46061 46058
 46021 46035 46067 46013 46090 46028 46032 46017 46077 46011
 46038 46036 46041 46031 46053 46060 46068 46080 46054 46027
 46080 46068 46028 46083 46001 46013 46062 46043 46028 46058
 46016 46011 46072 46005 46085 46038 46059 46014 46022 46020


Array Size = 50
 47045 47062 47014 47096 47065 47020 47063 47044 47051 47086
 47052 47001 47011 47091 47049 47035 47082 47073 47030 47004
 47030 47034 47055 47068 47067 47054 47092 47039 47087 47006
 47030 47038 47028 47026 47020 47062 47096 47086 47064 47095
 47082 47077 47077 47066 47086 47071 47047 47020 47053 47007


Array Size = 50
 48090 48047 48089 48094 48031 48038 48088 48072 48046 48016
 48079 48090 48000 48013 48074 48028 48015 48021 48095 48047
 48060 48093 48013 48028 48027 48046 48066 48065 48099 48056
 48054 48082 48056 48057 48097 48039 48019 48052 48091 48077
 48026 48056 48093 48097 48029 48006 48079 48088 48057 48006


Array Size = 50
 49021 49056 49000 49010 49091 49037 49059 49094 49017 49066
 49033 49016 49042 49091 49097 49040 49008 49020 49040 49007
 49036 49046 49008 49028 49028 49052 49083 49091 49027 49077
 49075 49025 49014 49064 49034 49071 49086 49047 49035 49046
 49093 49083 49057 49065 49069 49040 49092 49052 49094 49027


Array Size = 50
 50061 50071 50079 50014 50036 50088 50089 50005 50003 50019
 50060 50031 50013 50031 50094 50014 50012 50078 50068 50083
 50093 50046 50053 50022 50073 50012 50061 50040 50097 50096
 50036 50007 50058 50028 50070 50043 50075 50045 50023 50083
 50034 50073 50060 50066 50056 50039 50006 50068 50009 50067


Array Size = 50
 51087 51099 51044 51029 51082 51049 51064 51097 51084 51055
 51022 51050 51025 51064 51099 51080 51008 51075 51099 51034
 51098 51099 51049 51053 51002 51081 51006 51051 51064 51051
 51097 51041 51080 51095 51047 51048 51033 51054 51007 51075
 51043 51072 51020 51012 51020 51023 51046 51076 51074 51038


Array Size = 50
 52004 52081 52054 52069 52063 52001 52031 52018 52063 52084
 52057 52017 52070 52052 52077 52096 52061 52095 52084 52071
 52008 52057 52063 52061 52085 52001 52060 52023 52096 52096
 52091 52070 52026 52053 52078 52031 52062 52075 52004 52012
 52091 52005 52007 52043 52044 52058 52062 52084 52058 52010


Array Size = 50
 53073 53025 53080 53073 53002 53005 53017 53047 53074 53046
 53053 53059 53025 53010 53008 53019 53078 53019 53063 53086
 53060 53001 53054 53056 53004 53095 53091 53044 53020 53077
 53005 53026 53038 53009 53041 53039 53031 53056 53001 53067
 53057 53086 53082 53033 53039 53079 53016 53031 53007 53053


Array Size = 50
 54016 54015 54010 54096 54048 54075 54082 54003 54014 54018
 54039 54048 54050 54070 54066 54080 54097 54002 54004 54039
 54077 54048 54079 54024 54057 54017 54019 54012 54072 54017
 54021 54007 54002 54008 54054 54009 54060 54058 54092 54048
 54024 54053 54018 54039 54097 54057 54038 54033 54059 54020


Array Size = 50
 55015 55067 55046 55029 55074 55051 55035 55049 55084 55093
 55063 55092 55003 55037 55029 55034 55001 55039 55051 55002
 55005 55054 55042 55082 55026 55087 55059 55034 55086 55033
 55089 55062 55058 55057 55085 55005 55071 55074 55047 55027
 55027 55081 55055 55074 55040 55089 55067 55062 55028 55079


Array Size = 50
 56035 56033 56031 56042 56091 56009 56056 56019 56076 56071
 56094 56047 56078 56093 56022 56010 56033 56024 56006 56033
 56010 56020 56000 56082 56041 56085 56090 56055 56037 56087
 56078 56085 56034 56016 56067 56039 56072 56038 56081 56018
 56004 56018 56032 56078 56050 56049 56096 56016 56034 56007


Array Size = 50
 57060 57052 57074 57049 57065 57009 57020 57077 57021 57081
 57070 57096 57096 57006 57016 57073 57095 57037 57073 57049
 57014 57024 57057 57044 57075 57089 57080 57010 57030 57040
 57029 57042 57047 57086 57081 57032 57067 57073 57058 57067
 57029 57020 57061 57055 57068 57047 57028 57002 57035 57068


Array Size = 50
 58014 58014 58042 58052 58056 58032 58014 58051 58077 58070
 58037 58062 58003 58094 58071 58078 58091 58066 58093 58001
 58020 58095 58075 58006 58071 58003 58031 58072 58023 58009
 58004 58001 58088 58042 58051 58091 58013 58085 58021 58002
 58051 58060 58074 58062 58043 58046 58060 58000 58026 58092


Array Size = 50
 59027 59057 59067 59074 59082 59089 59079 59074 59049 59013
 59024 59014 59046 59095 59036 59047 59089 59011 59048 59032
 59077 59030 59081 59053 59034 59012 59066 59017 59070 59031
 59059 59066 59026 59043 59054 59026 59059 59034 59095 59045
 59088 59004 59037 59053 59001 59016 59064 59049 59003 59060


Array Size = 50
 60061 60081 60026 60019 60003 60039 60024 60016 60097 60009
 60084 60021 60053 60085 60096 60062 60053 60042 60002 60070
 60044 60082 60098 60011 60081 60084 60086 60028 60036 60040
 60032 60071 60057 60027 60021 60064 60017 60024 60066 60015
 60049 60091 60061 60056 60038 60000 60069 60075 60033 60013


Array Size = 50
 61063 61025 61000 61041 61011 61018 61060 61040 61023 61064
 61004 61074 61063 61010 61081 61078 61047 61003 61033 61082
 61089 61036 61034 61091 61061 61069 61057 61032 61082 61076
 61069 61082 61082 61062 61043 61088 61012 61027 61012 61076
 61000 61018 61069 61096 61057 61042 61058 61041 61096 61096


Array Size = 50
 62030 62043 62007 62026 62052 62040 62031 62059 62050 62075
 62022 62064 62035 62063 62062 62096 62077 62095 62014 62063
 62024 62095 62059 62094 62008 62004 62073 62095 62010 62049
 62088 62051 62024 62086 62069 62046 62083 62096 62005 62010
 62006 62064 62000 62070 62050 62068 62069 62030 62079 62005


Array Size = 50
 63063 63000 63086 63071 63064 63082 63009 63060 63056 63080
 63001 63054 63091 63087 63098 63075 63068 63003 63067 63005
 63025 63016 63011 63005 63049 63001 63058 63087 63033 63002
 63015 63048 63071 63040 63096 63023 63061 63067 63016 63059
 63059 63053 63009 63089 63020 63036 63023 63033 63018 63074


Array Size = 50
 64059 64059 64034 64069 64006 64045 64001 64000 64023 64093
 64003 64035 64062 64063 64054 64097 64025 64002 64012 64083
 64000 64085 64008 64069 64078 64002 64038 64037 64014 64080
 64046 64006 64094 64098 64051 64089 64088 64042 64026 64054
 64039 64086 64047 64093 64005 64011 64090 64069 64053 64090


Array Size = 50
 65087 65040 65073 65039 65010 65095 65039 65007 65022 65013
 65086 65083 65069 65049 65078 65037 65019 65079 65070 65081
 65082 65032 65042 65021 65030 65091 65084 65045 65086 65093
 65036 65066 65070 65020 65004 65099 65078 65024 65009 65000
 65069 65034 65034 65094 65021 65079 65083 65037 65072 65001


Array Size = 50
 66070 66099 66095 66097 66014 66070 66015 66042 66026 66012
 66084 66042 66051 66035 66060 66004 66063 66073 66080 66021
 66045 66034 66066 66041 66078 66007 66090 66089 66050 66039
 66051 66096 66058 66053 66093 66006 66058 66070 66041 66086
 66047 66013 66013 66060 66003 66026 66039 66088 66099 66069


Array Size = 50
 67019 67083 67003 67044 67024 67072 67058 67096 67098 67077
 67077 67015 67076 67033 67009 67098 67033 67050 67089 67070
 67062 67038 67047 67094 67001 67052 67028 67079 67049 67085
 67018 67061 67079 67095 67028 67042 67036 67009 67099 67075
 67084 67067 67066 67057 67051 67043 67017 67086 67027 67063


Array Size = 50
 68078 68096 68064 68073 68094 68061 68014 68018 68020 68086
 68084 68078 68090 68036 68002 68018 68010 68097 68064 68037
 68045 68035 68077 68092 68098 68083 68025 68053 68076 68049
 68016 68046 68029 68011 68060 68077 68057 68023 68063 68090
 68099 68023 68028 68022 68048 68002 68023 68000 68027 68094


Array Size = 50
 69070 69091 69001 69018 69043 69062 69018 69057 69006 69013
 69067 69000 69087 69019 69043 69008 69066 69097 69099 69022
 69079 69083 69019 69016 69052 69068 69011 69022 69062 69036
 69001 69033 69023 69000 69081 69085 69089 69023 69030 69061
 69075 69048 69016 69082 69007 69080 69061 69065 69035 69096


Array Size = 50
 70025 70067 70025 70042 70060 70022 70057 70007 70021 70008
 70053 70008 70095 70093 70073 70017 70025 70001 70045 70061
 70081 70026 70016 70062 70041 70089 70074 70038 70045 70025
 70069 70064 70059 70004 70028 70012 70039 70024 70066 70069
 70064 70066 70085 70032 70011 70051 70016 70099 70089 70086


Array Size = 50
 71047 71049 71092 71088 71008 71031 71058 71009 71090 71032
 71086 71050 71073 71013 71042 71024 71077 71005 71018 71083
 71041 71075 71010 71064 71046 71040 71014 71044 71036 71071
 71021 71083 71048 71042 71072 71026 71013 71012 71041 71071
 71075 71059 71024 71040 71063 71048 71059 71029 71017 71048


Array Size = 50
 72065 72047 72019 72079 72067 72096 72021 72033 72049 72061
 72035 72056 72081 72035 72048 72095 72082 72012 72034 72072
 72018 72072 72063 72078 72014 72055 72034 72086 72062 72055
 72067 72022 72002 72043 72003 72009 72012 72042 72002 72020
 72031 72097 72076 72018 72094 72025 72062 72045 72063 72087


Array Size = 50
 73002 73080 73045 73075 73071 73067 73073 73008 73050 73028
 73045 73033 73073 73043 73023 73025 73083 73094 73061 73023
 73051 73045 73006 73041 73086 73091 73042 73045 73062 73030
 73043 73041 73067 73098 73063 73075 73092 73081 73087 73075
 73025 73004 73047 73044 73085 73018 73079 73037 73058 73033


Array Size = 50
 74077 74075 74038 74097 74027 74080 74055 74069 74057 74045
 74090 74062 74018 74045 74083 74035 74077 74044 74091 74004
 74000 74036 74021 74071 74014 74055 74017 74067 74097 74066
 74040 74065 74070 74002 74092 74006 74020 74081 74085 74015
 74021 74084 74051 74006 74016 74068 74014 74009 74073 74067


Array Size = 50
 75030 75077 75047 75088 75039 75058 75016 75002 75063 75001
 75001 75047 75000 75045 75028 75073 75007 75042 75098 75034
 75018 75075 75085 75039 75081 75093 75020 75028 75095 75084
 75000 75006 75013 75050 75028 75043 75073 75028 75046 75044
 75004 75016 75099 75094 75000 75082 75079 75064 75056 75071


Array Size = 50
 76067 76098 76099 76092 76014 76063 76021 76002 76013 76038
 76067 76070 76025 76007 76050 76088 76016 76096 76037 76051
 76007 76070 76020 76093 76030 76027 76015 76083 76040 76018
 76047 76089 76072 76011 76058 76099 76083 76033 76036 76024
 76088 76063 76045 76007 76019 76043 76067 76062 76000 76084


Array Size = 50
 77093 77022 77036 77084 77041 77068 77008 77049 77082 77016
 77045 77024 77085 77016 77041 77006 77029 77041 77078 77072
 77057 77067 77085 77074 77048 77040 77023 77085 77047 77065
 77042 77020 77003 77084 77047 77005 77091 77042 77063 77053
 77040 77037 77002 77044 77009 77007 77079 77004 77094 77020


Array Size = 50
 78031 78054 78084 78046 78056 78076 78027 78012 78045 78091
 78081 78040 78040 78086 78077 78059 78029 78077 78017 78022
 78065 78041 78044 78020 78005 78059 78028 78000 78057 78042
 78071 78011 78021 78056 78050 78040 78066 78033 78002 78021
 78045 78095 78098 78030 78068 78019 78009 78094 78002 78060


Array Size = 50
 79008 79073 79091 79071 79000 79091 79047 79095 79096 79037
 79029 79096 79062 79091 79069 79061 79035 79039 79053 79014
 79031 79070 79054 79088 79031 79013 79075 79047 79033 79044
 79023 79047 79064 79068 79018 79018 79059 79061 79084 79068
 79005 79055 79013 79061 79013 79045 79065 79060 79025 79052


Array Size = 50
 80050 80041 80022 80070 80010 80002 80077 80018 80060 80081
 80017 80065 80003 80057 80098 80037 80097 80058 80066 80048
 80048 80064 80006 80048 80081 80043 80048 80071 80062 80063
 80033 80078 80040 80040 80078 80006 80042 80089 80015 80041
 80008 80021 80062 80035 80016 80025 80050 80048 80058 80091


Array Size = 50
 81072 81015 81044 81091 81088 81002 81077 81074 81060 81057
 81030 81085 81030 81053 81023 81069 81046 81026 81069 81007
 81055 81025 81075 81092 81022 81086 81028 81045 81035 81034
 81018 81008 81007 81087 81004 81092 81082 81086 81015 81007
 81038 81006 81088 81023 81062 81049 81082 81099 81075 81002


Array Size = 50
 82077 82075 82025 82060 82024 82011 82070 82017 82045 82061
 82059 82043 82043 82054 82074 82041 82032 82025 82033 82070
 82057 82068 82083 82008 82038 82072 82021 82067 82055 82042
 82014 82065 82086 82011 82082 82015 82095 82087 82074 82055
 82002 82092 82094 82029 82002 82011 82036 82061 82047 82095


Array Size = 50
 83058 83007 83010 83098 83039 83018 83077 83062 83094 83029
 83026 83002 83057 83043 83023 83092 83090 83024 83025 83016
 83002 83009 83064 83050 83009 83000 83067 83054 83038 83076
 83016 83039 83068 83068 83074 83087 83053 83029 83036 83038
 83042 83076 83074 83033 83098 83080 83048 83027 83002 83091


Array Size = 50
 84043 84087 84026 84060 84094 84087 84008 84099 84059 84015
 84076 84051 84051 84066 84094 84082 84042 84088 84030 84044
 84028 84061 84098 84036 84028 84010 84008 84062 84049 84070
 84090 84050 84099 84043 84092 84032 84016 84086 84073 84027
 84040 84019 84090 84059 84036 84098 84064 84055 84072 84030


Array Size = 50
 85036 85005 85020 85079 85015 85065 85045 85037 85045 85048
 85017 85008 85024 85056 85020 85097 85042 85076 85071 85061
 85058 85085 85003 85019 85066 85073 85007 85049 85024 85041
 85022 85002 85019 85065 85062 85061 85098 85020 85005 85039
 85035 85042 85046 85063 85043 85092 85071 85001 85017 85031


Array Size = 50
 86018 86050 86003 86061 86073 86033 86088 86096 86025 86084
 86028 86041 86008 86083 86027 86004 86081 86022 86059 86038
 86067 86092 86050 86081 86018 86017 86041 86029 86060 86033
 86052 86039 86077 86093 86030 86001 86090 86049 86073 86085
 86080 86022 86068 86070 86007 86069 86053 86030 86049 86052


Array Size = 50
 87050 87084 87085 87069 87014 87038 87036 87031 87026 87037
 87092 87079 87097 87038 87037 87045 87034 87012 87008 87088
 87092 87099 87014 87063 87055 87022 87098 87074 87028 87000
 87006 87060 87074 87071 87012 87080 87063 87021 87080 87078
 87075 87089 87039 87062 87021 87071 87007 87030 87071 87057


Array Size = 50
 88011 88007 88022 88089 88020 88005 88067 88090 88070 88043
 88019 88051 88034 88038 88024 88032 88059 88026 88094 88060
 88050 88079 88063 88003 88078 88024 88042 88031 88030 88033
 88041 88098 88084 88015 88076 88009 88080 88026 88056 88001
 88001 88009 88023 88009 88031 88047 88046 88085 88012 88003


Array Size = 50
 89001 89074 89050 89024 89077 89078 89082 89004 89033 89018
 89020 89021 89082 89001 89038 89064 89074 89046 89094 89018
 89019 89008 89071 89054 89018 89046 89056 89080 89048 89055
 89030 89053 89098 89062 89057 89039 89061 89016 89057 89067
 89066 89049 89045 89011 89080 89057 89092 89010 89079 89016


Array Size = 50
 90073 90011 90046 90095 90040 90088 90099 90023 90039 90044
 90016 90039 90092 90015 90083 90009 90077 90061 90023 90046
 90035 90009 90031 90015 90051 90038 90078 90062 90043 90042
 90059 90008 90077 90096 90031 90058 90051 90053 90029 90094
 90016 90053 90022 90012 90033 90029 90058 90097 90042 90017


Array Size = 50
 91028 91064 91042 91077 91040 91022 91034 91065 91098 91065
 91003 91089 91084 91024 91074 91003 91046 91020 91076 91036
 91082 91070 91073 91021 91015 91088 91026 91079 91003 91057
 91081 91026 91033 91059 91062 91033 91056 91068 91081 91056
 91052 91057 91053 91075 91029 91069 91051 91001 91060 91084


Array Size = 50
 92078 92095 92091 92007 92004 92076 92053 92093 92017 92002
 92078 92038 92015 92052 92086 92074 92032 92081 92088 92043
 92078 92089 92092 92037 92029 92014 92099 92093 92002 92017
 92017 92038 92032 92021 92091 92098 92078 92081 92010 92070
 92070 92003 92098 92061 92090 92028 92092 92002 92040 92010


Array Size = 50
 93056 93090 93036 93051 93071 93065 93062 93006 93069 93055
 93093 93055 93055 93039 93081 93019 93049 93077 93026 93024
 93015 93025 93098 93048 93090 93016 93025 93012 93028 93057
 93056 93060 93023 93002 93055 93031 93019 93080 93045 93052
 93030 93090 93001 93000 93004 93012 93038 93031 93056 93054


Array Size = 50
 94046 94066 94074 94093 94066 94077 94099 94004 94037 94091
 94030 94094 94089 94000 94015 94027 94036 94075 94002 94055
 94070 94024 94005 94078 94016 94092 94072 94083 94046 94057
 94002 94087 94041 94009 94068 94071 94003 94063 94071 94005
 94029 94048 94071 94023 94087 94022 94076 94069 94042 94089


Array Size = 50
 95013 95007 95091 95020 95081 95041 95052 95047 95078 95080
 95058 95051 95064 95082 95047 95015 95041 95036 95011 95096
 95001 95001 95052 95024 95002 95078 95060 95075 95045 95056
 95050 95002 95075 95032 95044 95078 95002 95066 95040 95012
 95077 95086 95049 95042 95082 95048 95042 95047 95023 95085


Array Size = 50
 96030 96062 96028 96045 96061 96068 96035 96067 96039 96039
 96045 96056 96096 96074 96073 96003 96068 96074 96027 96078
 96000 96014 96000 96040 96041 96054 96061 96001 96054 96049
 96052 96081 96073 96098 96081 96015 96041 96059 96034 96009
 96014 96091 96064 96086 96023 96026 96051 96028 96072 96088


Array Size = 50
 97057 97062 97060 97078 97060 97064 97078 97091 97090 97087
 97016 97002 97082 97035 97069 97028 97048 97017 97092 97079
 97032 97027 97048 97013 97016 97033 97071 97020 97006 97095
 97069 97004 97079 97034 97022 97086 97091 97016 97014 97061
 97099 97062 97088 97051 97083 97066 97078 97068 97046 97003


Array Size = 50
 98003 98072 98019 98017 98063 98024 98045 98005 98057 98052
 98002 98032 98069 98048 98000 98095 98032 98001 98071 98081
 98000 98034 98049 98076 98086 98060 98003 98069 98015 98008
 98053 98024 98074 98044 98014 98095 98005 98034 98089 98036
 98048 98093 98013 98059 98076 98079 98082 98067 98098 98063


Array Size = 50
 99093 99077 99009 99046 99088 99043 99063 99074 99085 99083
 99053 99065 99008 99044 99094 99059 99067 99049 99060 99036
 99001 99011 99044 99037 99008 99001 99068 99071 99036 99067
 99054 99025 99058 99016 99060 99029 99049 99091 99037 99042
 99002 99054 99018 99021 99060 99064 99066 99041 99019 99015

7031 97013
 97003 97087 97042 97027 97062 97089 97070 97095 97007 97089
 97024 97060 97043 97032 97043 97030 97044 97064 97084 97046


Array Size = 50
 98047 98094 98031 98085 98041 98074 98053 98045 98077 98078
 98011 98040 98017 98074 98066 98027 98013 98053 98008 98077
 98081 98005 98003 98093 98017 98034 98079 98019 98013 98087
 98065 98067 98024 98006 98079 98052 98083 98071 98004 98046
 98009 98079 98000 98084 98069 98030 98014 98014 98058 98074


Array Size = 50
 99042 99063 99013 99080 99010 99083 99044 99024 99030 99034
 99027 99048 99005 99034 99027 99011 99066 99001 99072 99069
 99031 99046 99008 99019 99050 99098 99082 99000 99045 99046
 99065 99025 99086 99021 99063 99061 99057 99070 99019 99057
 99061 99088 99080 99065 99039 99094 99063 99044 99028 99033

06 94012 94002 94021
 94034 94049

Array Size = 48
 95002 95003 95004 95009 95012 95013 95015 95015 95016 95017
 95018 95023 95024 95026 95027 95030 95031 95034 95034 95034
 95036 95036 95041 95042 95042 95045 95047 95047 95048 95050
 95057 95057 95064 95064 95065 95067 95071 95075 95077 95078
 95080 95086 95086 95088 95088 95094 95098 95099

Array Size = 95
 96006 96038 96074 96031 96096 96098 96046 96099 96089 96038
 96054 96066 96071 96082 96076 96085 96067 96078 96093 96005
 96049 96038 96014 96068 96009 96033 96079 96073 96026 96043
 96060 96082 96086 96045 96087 96013 96003 96027 96000 96006
 96000 96019 96031 96085 96055 96025 96039 96087 96051 96006
 96060 96083 96050 96062 96048 96002 96001 96047 96027 96025
 96081 96065 96054 96031 96093 96003 96078 96091 96045 96049
 96069 96003 96003 96076 96086 96031 96031 96035 96082 96041
 96001 96014 96098 96095 96030 96049 96099 96039 96068 96084
 96054 96045 96020 96077 96051

Array Size = 85
 97000 97000 97002 97004 97006 97006 97007 97007 97010 97010
 97010 97012 97012 97014 97014 97017 97017 97018 97018 97022
 97023 97023 97023 97024 97027 97030 97031 97032 97033 97034
 97035 97037 97037 97037 97037 97037 97039 97039 97039 97040
 97043 97045 97047 97048 97053 97053 97054 97055 97055 97055
 97055 97056 97059 97059 97060 97060 97063 97065 97067 97067
 97068 97068 97069 97070 97071 97071 97074 97074 97074 97075
 97077 97077 97078 97079 97080 97082 97082 97085 97085 97086
 97090 97093 97093 97095 97097

Array Size = 63
 98088 98017 98068 98079 98076 98010 98006 98050 98038 98011
 98001 98059 98087 98038 98066 98099 98054 98090 98046 98085
 98095 98088 98081 98090 98007 98065 98098 98020 98003 98012
 98097 98044 98012 98035 98016 98017 98063 98059 98024 98010
 98098 98002 98029 98040 98026 98041 98015 98021 98008 98075
 98075 98042 98036 98084 98073 98016 98061 98083 98075 98067
 98011 98072 98095

Array Size = 74
 99000 99001 99001 99001 99002 99006 99012 99012 99013 99013
 99015 99017 99018 99022 99023 99024 99026 99026 99027 99027
 99030 99032 99035 99036 99037 99038 99039 99041 99041 99041
 99042 99043 99043 99044 99045 99045 99046 99049 99050 99051
 99051 99051 99052 99053 99053 99055 99057 99059 99059 99059
 99060 99061 99061 99064 99064 99068 99068 99068 99070 99072
 99074 99074 99075 99076 99079 99079 99079 99081 99085 99092
 99092 99094 99094 99096
9009 99009 99010 99010
 99017 99018 99018 99020 99023 99028 99030 99032 99032 99034
 99036 99037 99039 99039 99041 99043 99047 99048 99048 99048
 99049 99049 99050 99051 99051 99052 99055 99056 99059 99061
 99062 99062 99062 99062 99067 99070 99072 99072 99072 99073
 99074 99074 99074 99077 99077 99077 99077 99080 99081 99085
 99086 99086 99088 99092 99092 99093 99094 99095 99095 99096
 99097 99098 99099 99099 99099
65 96011 96090 96097 96086 96012 96030 96066 96059
 96052 96044 96021 96088 96068 96074 96092 96098 96000 96070
 96013 96072 96049 96053 96008 96057 96075 96059 96067 96095
 96032 96052 96044 96090 96016 96025 96070 96050 96041 96007
 96093 96016 96031 96029

Array Size = 52
 97000 97001 97003 97004 97004 97008 97011 97011 97013 97018
 97018 97019 97020 97024 97024 97024 97026 97027 97030 97030
 97030 97031 97035 97036 97039 97039 97040 97042 97043 97044
 97046 97047 97048 97055 97056 97057 97058 97059 97061 97064
 97065 97067 97067 97070 97077 97078 97078 97079 97082 97083
 97088 97097

Array Size = 58
 98055 98097 98046 98085 98074 98088 98066 98084 98043 98067
 98046 98078 98035 98073 98041 98077 98059 98026 98083 98051
 98050 98020 98053 98091 98093 98013 98064 98012 98089 98018
 98017 98009 98070 98077 98001 98080 98023 98060 98009 98079
 98046 98078 98053 98095 98019 98036 98040 98001 98096 98002
 98078 98099 98004 98022 98030 98034 98003 98029

Array Size = 90
 99000 99002 99003 99004 99006 99006 99008 99009 99010 99011
 99012 99014 99014 99015 99015 99019 99020 99023 99023 99024
 99025 99025 99025 99025 99026 99026 99028 99033 99034 99036
 99037 99038 99040 99040 99042 99042 99044 99045 99045 99045
 99048 99050 99051 99054 99054 99054 99055 99056 99056 99057
 99059 99060 99062 99062 99063 99066 99068 99070 99071 99071
 99073 99073 99074 99075 99077 99080 99080 99081 99081 99081
 99082 99087 99087 99091 99091 99092 99093 99093 99093 99093
 99093 99094 99097 99097 99097 99097 99098 99098 99099 99099

